7th-8th 0.9696969696969697 0.8 0.8767123287671234
Doctorate 0.9580645161290322 0.9705882352941176 0.9642857142857142
5th-6th 0.9285714285714286 0.8125 0.8666666666666666
Assoc-acdm 0.9277566539923955 0.9207547169811321 0.9242424242424243
1st-4th 1.0 1.0 1.0
HS-grad 0.9407687460617518 0.8913432835820896 0.9153893316983447
Preschool 0.0 1.0 0.0
10th 1.0 0.8064516129032258 0.8928571428571428
Masters 0.956386292834891 0.9603753910323254 0.9583766909469303
Some-college 0.9501133786848073 0.9062725306416727 0.9276752767527676
11th 1.0 0.8 0.888888888888889
Assoc-voc 0.9482758620689655 0.9141274238227147 0.9308885754583922
Bachelors 0.9524886877828054 0.9477712742008104 0.9501241254795757
9th 1.0 0.8518518518518519 0.92
12th 1.0 0.8787878787878788 0.9354838709677419
Prof-school 0.9676674364896074 0.9905437352245863 0.9789719626168224
